32
12,e
0,0 3,0 f,1 f,1 f,1 f,1 f,1 f,1 f,1 f,1 f,1 f,1 c,1 0,0 
0,0 1,0 9,1 9,1 b,1 f,1 f,1 f,1 f,1 f,1 f,1 f,1 c,1 0,0 
0,0 0,0 0,0 0,0 3,0 f,1 f,1 f,1 f,1 f,1 f,1 f,1 c,1 0,0 
0,0 0,0 0,0 0,0 3,0 f,1 f,1 f,1 f,1 f,1 f,1 f,1 c,1 0,0 
0,0 0,0 0,0 0,0 3,0 f,1 f,1 f,1 f,1 f,1 f,1 f,1 c,1 0,0 
0,0 0,0 0,0 0,0 3,0 f,1 f,1 f,1 f,1 f,1 f,1 f,1 e,1 4,0 
0,0 0,0 0,0 0,0 3,0 f,1 f,1 f,1 f,1 f,1 f,1 f,1 d,1 8,1 
0,0 0,0 0,0 0,0 1,0 b,1 f,1 f,1 f,1 f,1 f,1 f,1 c,1 0,0 
0,0 0,0 0,0 0,0 0,0 1,0 b,1 f,1 f,1 f,1 f,1 f,1 c,1 0,0 
0,0 0,0 2,0 4,0 0,0 0,0 1,0 b,1 f,1 f,1 f,1 f,1 c,1 0,0 
0,0 0,0 3,0 c,1 0,0 0,0 0,0 1,0 b,1 f,1 f,1 d,1 8,1 0,0 
0,0 0,0 3,0 c,1 0,0 0,0 0,0 0,0 3,0 f,1 f,1 c,1 0,0 0,0 
0,0 0,0 3,0 c,1 0,0 0,0 0,0 2,0 7,0 f,1 f,1 c,1 0,0 0,0 
0,0 0,0 1,0 8,1 0,0 0,0 2,0 7,0 f,1 f,1 f,1 c,1 0,0 0,0 
0,0 0,0 0,0 0,0 0,0 0,0 3,0 f,1 f,1 f,1 f,1 c,1 0,0 0,0 
0,0 0,0 0,0 0,0 0,0 0,0 1,0 9,1 9,1 b,1 f,1 c,1 0,0 0,0 
0,0 0,0 0,0 0,0 0,0 0,0 0,0 0,0 0,0 1,0 9,1 8,1 0,0 0,0 
0,0 0,0 0,0 0,0 0,0 0,0 0,0 0,0 0,0 0,0 0,0 0,0 0,0 0,0 
4
177:((251.170319 180.000000 )(50.000000 70.000000 ));(-0.000000 40.000000 );(0| 1 );((-0.000000 -0.666687 )((276.170319 250.000000 )(0.000000 -1.000000 )1 )1 );(0 1 0 0 0 0 0.083333 -1.000000 0.000000 0.000000 (-1.000000 0.000000 )0 (0.707107 0.707107 ));((255 24 24 255 ));(256 4294967040 4294967040 4294967040 );
1d41:((271.170319 215.000000 )(10.000000 10.000000 ));((0 255 7 255 ));(512 0 4294967040 4294967040 );(1 (247.837677 250.000000 ));(30.000000 40.000000 );(20.000000 35.000000 );
341:((267.591431 234.677185 )(10.000000 10.000000 ));((0 115 246 255 ));(4294967040 256 768 4294967040 );(20.000000 );
341:((247.837662 250.000000 )(10.000000 10.000000 ));((255 11 242 255 ));(4294967040 256 4294967040 512 );(25.000000 );
